           0.00     6378140.00           0.00           0.00           0.00        -463.83           0.00
           1.00     6378140.99        -463.83           0.00           1.97        -463.83           0.00
           2.00     6378143.95        -927.66           0.00           3.95        -463.83           0.00
           3.00     6378148.88       -1391.49           0.00           5.92        -463.83           0.00
           4.00     6378155.79       -1855.33           0.00           7.89        -463.83           0.00
           5.00     6378164.67       -2319.16           0.00           9.87        -463.83           0.00
           6.00     6378175.53       -2782.99           0.00          11.84        -463.83           0.00
           7.00     6378188.36       -3246.83           0.00          13.82        -463.83           0.00
           8.00     6378203.16       -3710.66           0.00          15.79        -463.84           0.00
           9.00     6378219.94       -4174.50           0.00          17.76        -463.84           0.00
          10.00     6378238.69       -4638.34           0.00          19.74        -463.84           0.00
          11.00     6378259.41       -5102.18           0.00          21.71        -463.84           0.00
          12.00     6378282.11       -5566.02           0.00          23.69        -463.84           0.00
          13.00     6378306.79       -6029.86           0.00          25.66        -463.84           0.00
          14.00     6378333.43       -6493.71           0.00          27.63        -463.85           0.00
          15.00     6378362.06       -6957.55           0.00          29.61        -463.85           0.00
          16.00     6378392.65       -7421.40           0.00          31.58        -463.85           0.00
          17.00     6378425.22       -7885.25           0.00          33.56        -463.85           0.00
          18.00     6378459.77       -8349.11           0.00          35.53        -463.85           0.00
          19.00     6378496.29       -8812.96           0.00          37.51        -463.86           0.00
          20.00     6378534.79       -9276.82           0.00          39.48        -463.86           0.00
          21.00     6378575.26       -9740.68           0.00          41.46        -463.86           0.00
          22.00     6378617.70      -10204.55           0.00          43.43        -463.87           0.00
          23.00     6378662.12      -10668.41           0.00          45.41        -463.87           0.00
          24.00     6378708.52      -11132.29           0.00          47.38        -463.87           0.00
          25.00     6378756.89      -11596.16           0.00          49.36        -463.88           0.00
          26.00     6378807.24      -12060.04           0.00          51.33        -463.88           0.00
          27.00     6378859.56      -12523.92           0.00          53.31        -463.88           0.00
          28.00     6378913.86      -12987.81           0.00          55.29        -463.89           0.00
          29.00     6378970.13      -13451.70           0.00          57.26        -463.89           0.00
          30.00     6379028.38      -13915.59           0.00          59.24        -463.90           0.00
          31.00     6379088.61      -14379.49           0.00          61.22        -463.90           0.00
          32.00     6379150.82      -14843.39           0.00          63.19        -463.90           0.00
          33.00     6379215.00      -15307.30           0.00          65.17        -463.91           0.00
          34.00     6379281.16      -15771.21           0.00          67.15        -463.91           0.00
          35.00     6379349.29      -16235.13           0.00          69.12        -463.92           0.00
          36.00     6379419.40      -16699.05           0.00          71.10        -463.92           0.00
          37.00     6379491.50      -17162.98           0.00          73.08        -463.93           0.00
          38.00     6379565.56      -17626.91           0.00          75.06        -463.94           0.00
          39.00     6379641.61      -18090.85           0.00          77.04        -463.94           0.00
          40.00     6379719.64      -18554.79           0.00          79.01        -463.95           0.00
          41.00     6379799.64      -19018.74           0.00          80.99        -463.95           0.00
          42.00     6379881.62      -19482.69           0.00          82.97        -463.96           0.00
          43.00     6379965.59      -19946.66           0.00          84.95        -463.96           0.00
          44.00     6380051.53      -20410.62           0.00          86.93        -463.97           0.00
          45.00     6380139.45      -20874.60           0.00          88.91        -463.98           0.00
          46.00     6380229.35      -21338.58           0.00          90.89        -463.98           0.00
          47.00     6380321.23      -21802.56           0.00          92.87        -463.99           0.00
          48.00     6380415.09      -22266.56           0.00          94.85        -464.00           0.00
          49.00     6380510.94      -22730.56           0.00          96.83        -464.00           0.00
          50.00     6380608.76      -23194.57           0.00          98.81        -464.01           0.00
          51.00     6380708.56      -23658.58           0.00         100.80        -464.02           0.00
          52.00     6380810.35      -24122.60           0.00         102.78        -464.03           0.00
          53.00     6380914.12      -24586.63           0.00         104.76        -464.03           0.00
          54.00     6381019.87      -25050.67           0.00         106.74        -464.04           0.00
          55.00     6381127.61      -25514.71           0.00         108.73        -464.05           0.00
          56.00     6381237.32      -25978.77           0.00         110.71        -464.06           0.00
          57.00     6381349.02      -26442.83           0.00         112.69        -464.07           0.00
          58.00     6381462.71      -26906.90           0.00         114.68        -464.07           0.00
          59.00     6381578.38      -27370.97           0.00         116.66        -464.08           0.00
          60.00     6381696.03      -27835.06           0.00         118.65        -464.09           0.00
          61.00     6381815.67      -28299.16           0.00         120.63        -464.10           0.00
          62.00     6381937.29      -28763.26           0.00         122.62        -464.11           0.00
          63.00     6382060.90      -29227.37           0.00         124.60        -464.12           0.00
          64.00     6382186.49      -29691.49           0.00         126.59        -464.13           0.00
          65.00     6382314.07      -30155.62           0.00         128.57        -464.14           0.00
          66.00     6382443.64      -30619.76           0.00         130.56        -464.15           0.00
          67.00     6382575.19      -31083.91           0.00         132.55        -464.15           0.00
          68.00     6382708.74      -31548.07           0.00         134.54        -464.16           0.00
          69.00     6382844.27      -32012.24           0.00         136.52        -464.17           0.00
          70.00     6382981.78      -32476.42           0.00         138.51        -464.18           0.00
          71.00     6383121.29      -32940.61           0.00         140.50        -464.19           0.00
          72.00     6383262.79      -33404.81           0.00         142.49        -464.20           0.00
          73.00     6383406.27      -33869.02           0.00         144.48        -464.22           0.00
          74.00     6383551.75      -34333.24           0.00         146.47        -464.23           0.00
          75.00     6383699.22      -34797.47           0.00         148.46        -464.24           0.00
          76.00     6383848.68      -35261.72           0.00         150.45        -464.25           0.00
          77.00     6384000.12      -35725.97           0.00         152.45        -464.26           0.00
          78.00     6384153.57      -36190.23           0.00         154.44        -464.27           0.00
          79.00     6384309.00      -36654.51           0.00         156.43        -464.28           0.00
          80.00     6384466.43      -37118.80           0.00         158.42        -464.29           0.00
          81.00     6384625.85      -37583.10           0.00         160.42        -464.30           0.00
          82.00     6384787.26      -38047.41           0.00         162.41        -464.32           0.00
          83.00     6384950.67      -38511.73           0.00         164.41        -464.33           0.00
          84.00     6385116.07      -38976.06           0.00         166.40        -464.34           0.00
          85.00     6385283.47      -39440.41           0.00         168.40        -464.35           0.00
          86.00     6385452.87      -39904.77           0.00         170.39        -464.37           0.00
          87.00     6385624.26      -40369.14           0.00         172.39        -464.38           0.00
          88.00     6385797.65      -40833.52           0.00         174.39        -464.39           0.00
          89.00     6385973.03      -41297.92           0.00         176.38        -464.40           0.00
          90.00     6386150.42      -41762.33           0.00         178.38        -464.42           0.00
          91.00     6386329.80      -42226.75           0.00         180.38        -464.43           0.00
          92.00     6386511.18      -42691.19           0.00         182.38        -464.44           0.00
          93.00     6386694.56      -43155.64           0.00         184.38        -464.46           0.00
          94.00     6386879.95      -43620.10           0.00         186.38        -464.47           0.00
          95.00     6387067.33      -44084.58           0.00         188.38        -464.48           0.00
          96.00     6387256.71      -44549.07           0.00         190.39        -464.50           0.00
          97.00     6387448.10      -45013.57           0.00         192.39        -464.51           0.00
          98.00     6387641.49      -45478.09           0.00         194.39        -464.53           0.00
          99.00     6387836.88      -45942.62           0.00         196.39        -464.54           0.00
         100.00     6388034.28      -46407.17           0.00         198.40        -464.55           0.00
         101.00     6388233.68      -46871.73           0.00         200.40        -464.57           0.00
         102.00     6388435.09      -47336.31           0.00         202.41        -464.58           0.00
         103.00     6388638.50      -47800.90           0.00         204.42        -464.60           0.00
         104.00     6388843.92      -48265.51           0.00         206.42        -464.61           0.00
         105.00     6389051.34      -48730.13           0.00         208.43        -464.63           0.00
         106.00     6389260.78      -49194.76           0.00         210.44        -464.64           0.00
         107.00     6389472.22      -49659.42           0.00         212.45        -464.66           0.00
         108.00     6389685.67      -50124.08           0.00         214.46        -464.68           0.00
         109.00     6389901.13      -50588.77           0.00         216.47        -464.69           0.00
         110.00     6390118.60      -51053.47           0.00         218.48        -464.71           0.00
         111.00     6390338.08      -51518.18           0.00         220.49        -464.72           0.00
         112.00     6390559.57      -51982.91           0.00         222.50        -464.74           0.00
         113.00     6390783.08      -52447.66           0.00         224.51        -464.76           0.00
         114.00     6391008.60      -52912.43           0.00         226.53        -464.77           0.00
         115.00     6391236.13      -53377.21           0.00         228.54        -464.79           0.00
         116.00     6391465.67      -53842.01           0.00         230.55        -464.81           0.00
         117.00     6391697.24      -54306.82           0.00         232.57        -464.82           0.00
         118.00     6391930.81      -54771.65           0.00         234.59        -464.84           0.00
         119.00     6392166.41      -55236.50           0.00         236.60        -464.86           0.00
         120.00     6392404.02      -55701.37           0.00         238.62        -464.88           0.00
         121.00     6392643.65      -56166.25           0.00         240.64        -464.89           0.00
         122.00     6392885.30      -56631.16           0.00         242.66        -464.91           0.00
         123.00     6393128.97      -57096.08           0.00         244.68        -464.93           0.00
         124.00     6393374.65      -57561.01           0.00         246.70        -464.95           0.00
         125.00     6393622.36      -58025.97           0.00         248.72        -464.97           0.00
         126.00     6393872.09      -58490.95           0.00         250.74        -464.98           0.00
         127.00     6394123.85      -58955.94           0.00         252.77        -465.00           0.00
         128.00     6394377.63      -59420.95           0.00         254.79        -465.02           0.00
         129.00     6394633.43      -59885.98           0.00         256.81        -465.04           0.00
         130.00     6394891.25      -60351.03           0.00         258.84        -465.06           0.00
         131.00     6395151.11      -60816.10           0.00         260.87        -465.08           0.00
         132.00     6395412.98      -61281.19           0.00         262.89        -465.10           0.00
         133.00     6395676.89      -61746.30           0.00         264.92        -465.12           0.00
         134.00     6395942.83      -62211.42           0.00         266.95        -465.14           0.00
         135.00     6396210.79      -62676.57           0.00         268.98        -465.16           0.00
         136.00     6396480.78      -63141.74           0.00         271.01        -465.18           0.00
         137.00     6396752.81      -63606.92           0.00         273.04        -465.20           0.00
         138.00     6397026.86      -64072.13           0.00         275.07        -465.22           0.00
         139.00     6397302.95      -64537.36           0.00         277.10        -465.24           0.00
         140.00     6397581.07      -65002.60           0.00         279.14        -465.26           0.00
         141.00     6397861.22      -65467.87           0.00         281.17        -465.28           0.00
         142.00     6398143.41      -65933.16           0.00         283.21        -465.30           0.00
         143.00     6398427.64      -66398.47           0.00         285.24        -465.32           0.00
         144.00     6398713.90      -66863.80           0.00         287.28        -465.34           0.00
         145.00     6399002.20      -67329.16           0.00         289.32        -465.36           0.00
         146.00     6399292.54      -67794.53           0.00         291.36        -465.38           0.00
         147.00     6399584.92      -68259.93           0.00         293.40        -465.41           0.00
         148.00     6399879.34      -68725.34           0.00         295.44        -465.43           0.00
         149.00     6400175.80      -69190.78           0.00         297.48        -465.45           0.00
         150.00     6400474.30      -69656.24           0.00         299.52        -465.47           0.00
         151.00     6400774.84      -70121.73           0.00         301.57        -465.49           0.00
         152.00     6401077.43      -70587.23           0.00         303.61        -465.52           0.00
         153.00     6401382.07      -71052.76           0.00         305.66        -465.54           0.00
         154.00     6401688.74      -71518.31           0.00         307.70        -465.56           0.00
         155.00     6401997.47      -71983.89           0.00         309.75        -465.59           0.00
         156.00     6402308.24      -72449.49           0.00         311.80        -465.61           0.00
         157.00     6402621.07      -72915.11           0.00         313.85        -465.63           0.00
         158.00     6402935.94      -73380.75           0.00         315.90        -465.66           0.00
         159.00     6403252.86      -73846.42           0.00         317.95        -465.68           0.00
         160.00     6403571.84      -74312.11           0.00         320.00        -465.70           0.00
         161.00     6403892.86      -74777.82           0.00         322.05        -465.73           0.00
         162.00     6404215.94      -75243.56           0.00         324.11        -465.75           0.00
         163.00     6404541.08      -75709.33           0.00         326.16        -465.78           0.00
         164.00     6404868.27      -76175.11           0.00         328.22        -465.80           0.00
         165.00     6405197.51      -76640.92           0.00         330.28        -465.82           0.00
         166.00     6405528.82      -77106.76           0.00         332.33        -465.85           0.00
         167.00     6405862.18      -77572.62           0.00         334.39        -465.87           0.00
         168.00     6406197.61      -78038.51           0.00         336.45        -465.90           0.00
         169.00     6406535.09      -78504.42           0.00         338.51        -465.92           0.00
         170.00     6406874.63      -78970.36           0.00         340.58        -465.95           0.00
         171.00     6407216.24      -79436.32           0.00         342.64        -465.97           0.00
         172.00     6407559.91      -79902.30           0.00         344.70        -466.00           0.00
         173.00     6407905.65      -80368.32           0.00         346.77        -466.03           0.00
         174.00     6408253.45      -80834.36           0.00         348.84        -466.05           0.00
         175.00     6408603.32      -81300.42           0.00         350.90        -466.08           0.00
         176.00     6408955.26      -81766.51           0.00         352.97        -466.10           0.00
         177.00     6409309.27      -82232.63           0.00         355.04        -466.13           0.00
         178.00     6409665.34      -82698.78           0.00         357.11        -466.16           0.00
         179.00     6410023.49      -83164.95           0.00         359.18        -466.18           0.00
         180.00     6410383.71      -83631.14           0.00         361.26        -466.21           0.00
         181.00     6410746.00      -84097.37           0.00         363.33        -466.24           0.00
         182.00     6411110.37      -84563.62           0.00         365.41        -466.27           0.00
         183.00     6411476.82      -85029.90           0.00         367.48        -466.29           0.00
         184.00     6411845.34      -85496.21           0.00         369.56        -466.32           0.00
         185.00     6412215.94      -85962.54           0.00         371.64        -466.35           0.00
         186.00     6412588.62      -86428.91           0.00         373.72        -466.38           0.00
         187.00     6412963.38      -86895.30           0.00         375.80        -466.40           0.00
         188.00     6413340.22      -87361.72           0.00         377.88        -466.43           0.00
         189.00     6413719.14      -87828.16           0.00         379.96        -466.46           0.00
         190.00     6414100.15      -88294.64           0.00         382.05        -466.49           0.00
         191.00     6414483.24      -88761.14           0.00         384.13        -466.52           0.00
         192.00     6414868.41      -89227.68           0.00         386.22        -466.55           0.00
         193.00     6415255.68      -89694.24           0.00         388.31        -466.58           0.00
         194.00     6415645.03      -90160.83           0.00         390.40        -466.61           0.00
         195.00     6416036.47      -90627.45           0.00         392.49        -466.64           0.00
         196.00     6416430.01      -91094.10           0.00         394.58        -466.67           0.00
         197.00     6416825.63      -91560.78           0.00         396.67        -466.70           0.00
         198.00     6417223.35      -92027.49           0.00         398.77        -466.73           0.00
         199.00     6417623.17      -92494.23           0.00         400.86        -466.76           0.00
         200.00     6418025.08      -92961.00           0.00         402.96        -466.79           0.00
         201.00     6418429.08      -93427.80           0.00         405.06        -466.82           0.00
         202.00     6418835.19      -93894.63           0.00         407.15        -466.85           0.00
         203.00     6419243.39      -94361.50           0.00         409.25        -466.88           0.00
         204.00     6419653.70      -94828.39           0.00         411.36        -466.91           0.00
         205.00     6420066.10      -95295.31           0.00         413.46        -466.94           0.00
         206.00     6420480.61      -95762.27           0.00         415.56        -466.97           0.00
         207.00     6420897.23      -96229.26           0.00         417.67        -467.00           0.00
         208.00     6421315.95      -96696.27           0.00         419.77        -467.03           0.00
         209.00     6421736.77      -97163.32           0.00         421.88        -467.07           0.00
         210.00     6422159.71      -97630.40           0.00         423.99        -467.10           0.00
         211.00     6422584.75      -98097.52           0.00         426.10        -467.13           0.00
         212.00     6423011.91      -98564.66           0.00         428.21        -467.16           0.00
         213.00     6423441.17      -99031.84           0.00         430.32        -467.19           0.00
         214.00     6423872.56      -99499.05           0.00         432.44        -467.23           0.00
         215.00     6424306.05      -99966.30           0.00         434.55        -467.26           0.00
         216.00     6424741.66     -100433.57           0.00         436.67        -467.29           0.00
         217.00     6425179.39     -100900.88           0.00         438.79        -467.33           0.00
         218.00     6425619.24     -101368.23           0.00         440.91        -467.36           0.00
         219.00     6426061.21     -101835.60           0.00         443.03        -467.39           0.00
         220.00     6426505.30     -102303.01           0.00         445.15        -467.43           0.00
         221.00     6426951.51     -102770.46           0.00         447.27        -467.46           0.00
         222.00     6427399.85     -103237.94           0.00         449.40        -467.49           0.00
         223.00     6427850.31     -103705.45           0.00         451.53        -467.53           0.00
         224.00     6428302.90     -104172.99           0.00         453.65        -467.56           0.00
         225.00     6428757.62     -104640.58           0.00         455.78        -467.60           0.00
         226.00     6429214.47     -105108.19           0.00         457.91        -467.63           0.00
         227.00     6429673.45     -105575.84           0.00         460.04        -467.67           0.00
         228.00     6430134.56     -106043.53           0.00         462.18        -467.70           0.00
         229.00     6430597.80     -106511.25           0.00         464.31        -467.74           0.00
         230.00     6431063.18     -106979.00           0.00         466.45        -467.77           0.00
         231.00     6431530.70     -107446.79           0.00         468.59        -467.81           0.00
         232.00     6432000.35     -107914.62           0.00         470.72        -467.85           0.00
         233.00     6432472.15     -108382.48           0.00         472.86        -467.88           0.00
         234.00     6432946.08     -108850.38           0.00         475.01        -467.92           0.00
         235.00     6433422.16     -109318.32           0.00         477.15        -467.95           0.00
         236.00     6433900.38     -109786.29           0.00         479.29        -467.99           0.00
         237.00     6434380.75     -110254.30           0.00         481.44        -468.03           0.00
         238.00     6434863.26     -110722.34           0.00         483.59        -468.06           0.00
         239.00     6435347.93     -111190.43           0.00         485.74        -468.10           0.00
         240.00     6435834.74     -111658.55           0.00         487.89        -468.14           0.00
         241.00     6436323.70     -112126.70           0.00         490.04        -468.18           0.00
         242.00     6436814.82     -112594.90           0.00         492.19        -468.21           0.00
         243.00     6437308.09     -113063.13           0.00         494.35        -468.25           0.00
         244.00     6437803.51     -113531.40           0.00         496.50        -468.29           0.00
         245.00     6438301.09     -113999.71           0.00         498.66        -468.33           0.00
         246.00     6438800.83     -114468.05           0.00         500.82        -468.37           0.00
         247.00     6439302.74     -114936.44           0.00         502.98        -468.40           0.00
         248.00     6439806.80     -115404.86           0.00         505.14        -468.44           0.00
         249.00     6440313.03     -115873.32           0.00         507.31        -468.48           0.00
         250.00     6440821.42     -116341.82           0.00         509.47        -468.52           0.00
         251.00     6441331.97     -116810.36           0.00         511.64        -468.56           0.00
         252.00     6441844.70     -117278.94           0.00         513.81        -468.60           0.00
         253.00     6442359.59     -117747.56           0.00         515.98        -468.64           0.00
         254.00     6442876.66     -118216.22           0.00         518.15        -468.68           0.00
         255.00     6443395.90     -118684.92           0.00         520.32        -468.72           0.00
         256.00     6443917.31     -119153.65           0.00         522.50        -468.76           0.00
         257.00     6444440.90     -119622.43           0.00         524.68        -468.80           0.00
         258.00     6444966.66     -120091.25           0.00         526.85        -468.84           0.00
         259.00     6445494.61     -120560.11           0.00         529.03        -468.88           0.00
         260.00     6446024.73     -121029.01           0.00         531.21        -468.92           0.00
         261.00     6446557.04     -121497.95           0.00         533.40        -468.96           0.00
         262.00     6447091.53     -121966.93           0.00         535.58        -469.00           0.00
         263.00     6447628.20     -122435.96           0.00         537.77        -469.04           0.00
         264.00     6448167.06     -122905.02           0.00         539.96        -469.09           0.00
         265.00     6448708.11     -123374.13           0.00         542.15        -469.13           0.00
         266.00     6449251.35     -123843.28           0.00         544.34        -469.17           0.00
         267.00     6449796.79     -124312.47           0.00         546.53        -469.21           0.00
         268.00     6450344.41     -124781.70           0.00         548.72        -469.25           0.00
         269.00     6450894.23     -125250.98           0.00         550.92        -469.30           0.00
         270.00     6451446.25     -125720.30           0.00         553.12        -469.34           0.00
         271.00     6452000.47     -126189.66           0.00         555.32        -469.38           0.00
         272.00     6452556.88     -126659.06           0.00         557.52        -469.43           0.00
         273.00     6453115.50     -127128.51           0.00         559.72        -469.47           0.00
         274.00     6453676.32     -127598.00           0.00         561.92        -469.51           0.00
         275.00     6454239.34     -128067.53           0.00         564.13        -469.56           0.00
         276.00     6454804.58     -128537.11           0.00         566.34        -469.60           0.00
         277.00     6455372.02     -129006.74           0.00         568.55        -469.64           0.00
         278.00     6455941.67     -129476.40           0.00         570.76        -469.69           0.00
         279.00     6456513.53     -129946.11           0.00         572.97        -469.73           0.00
         280.00     6457087.61     -130415.87           0.00         575.18        -469.78           0.00
         281.00     6457663.90     -130885.67           0.00         577.40        -469.82           0.00
         282.00     6458242.41     -131355.51           0.00         579.62        -469.87           0.00
         283.00     6458823.14     -131825.40           0.00         581.84        -469.91           0.00
         284.00     6459406.09     -132295.34           0.00         584.06        -469.96           0.00
         285.00     6459991.26     -132765.32           0.00         586.28        -470.00           0.00
         286.00     6460578.65     -133235.35           0.00         588.51        -470.05           0.00
         287.00     6461168.27     -133705.42           0.00         590.73        -470.10           0.00
         288.00     6461760.12     -134175.54           0.00         592.96        -470.14           0.00
         289.00     6462354.20     -134645.70           0.00         595.19        -470.19           0.00
         290.00     6462950.50     -135115.91           0.00         597.42        -470.23           0.00
         291.00     6463549.05     -135586.17           0.00         599.66        -470.28           0.00
         292.00     6464149.82     -136056.48           0.00         601.89        -470.33           0.00
         293.00     6464752.83     -136526.83           0.00         604.13        -470.38           0.00
         294.00     6465358.08     -136997.23           0.00         606.37        -470.42           0.00
         295.00     6465965.57     -137467.67           0.00         608.61        -470.47           0.00
         296.00     6466575.31     -137938.17           0.00         610.85        -470.52           0.00
         297.00     6467187.28     -138408.71           0.00         613.10        -470.57           0.00
         298.00     6467801.50     -138879.30           0.00         615.35        -470.61           0.00
         299.00     6468417.97     -139349.94           0.00         617.59        -470.66           0.00
         300.00     6469036.69     -139820.63           0.00         619.84        -470.71           0.00
         301.00     6469657.66     -140291.36           0.00         622.10        -470.76           0.00
         302.00     6470280.88     -140762.15           0.00         624.35        -470.81           0.00
         303.00     6470906.36     -141232.98           0.00         626.61        -470.86           0.00
         304.00     6471534.09     -141703.86           0.00         628.86        -470.91           0.00
         305.00     6472164.09     -142174.79           0.00         631.12        -470.96           0.00
         306.00     6472796.34     -142645.78           0.00         633.38        -471.01           0.00
         307.00     6473430.85     -143116.81           0.00         635.65        -471.06           0.00
         308.00     6474067.63     -143587.89           0.00         637.91        -471.11           0.00
         309.00     6474706.68     -144059.02           0.00         640.18        -471.16           0.00
         310.00     6475347.99     -144530.20           0.00         642.45        -471.21           0.00
         311.00     6475991.57     -145001.44           0.00         644.72        -471.26           0.00
         312.00     6476637.43     -145472.72           0.00         646.99        -471.31           0.00
         313.00     6477285.56     -145944.06           0.00         649.27        -471.36           0.00
         314.00     6477935.96     -146415.44           0.00         651.54        -471.41           0.00
         315.00     6478588.64     -146886.88           0.00         653.82        -471.46           0.00
         316.00     6479243.60     -147358.37           0.00         656.10        -471.52           0.00
         317.00     6479900.85     -147829.91           0.00         658.38        -471.57           0.00
         318.00     6480560.37     -148301.51           0.00         660.67        -471.62           0.00
         319.00     6481222.18     -148773.15           0.00         662.95        -471.67           0.00
         320.00     6481886.28     -149244.85           0.00         665.24        -471.72           0.00
         321.00     6482552.67     -149716.60           0.00         667.53        -471.78           0.00
         322.00     6483221.35     -150188.41           0.00         669.83        -471.83           0.00
         323.00     6483892.32     -150660.26           0.00         672.12        -471.88           0.00
         324.00     6484565.59     -151132.17           0.00         674.42        -471.94           0.00
         325.00     6485241.15     -151604.14           0.00         676.71        -471.99           0.00
         326.00     6485919.02     -152076.16           0.00         679.01        -472.04           0.00
         327.00     6486599.18     -152548.23           0.00         681.32        -472.10           0.00
         328.00     6487281.65     -153020.35           0.00         683.62        -472.15           0.00
         329.00     6487966.43     -153492.53           0.00         685.93        -472.21           0.00
         330.00     6488653.51     -153964.77           0.00         688.24        -472.26           0.00
         331.00     6489342.90     -154437.06           0.00         690.55        -472.32           0.00
         332.00     6490034.60     -154909.40           0.00         692.86        -472.37           0.00
         333.00     6490728.61     -155381.80           0.00         695.17        -472.43           0.00
         334.00     6491424.95     -155854.26           0.00         697.49        -472.48           0.00
         335.00     6492123.59     -156326.77           0.00         699.81        -472.54           0.00
         336.00     6492824.56     -156799.33           0.00         702.13        -472.59           0.00
         337.00     6493527.85     -157271.96           0.00         704.45        -472.65           0.00
         338.00     6494233.46     -157744.64           0.00         706.78        -472.71           0.00
         339.00     6494941.40     -158217.37           0.00         709.10        -472.76           0.00
         340.00     6495651.67     -158690.16           0.00         711.43        -472.82           0.00
         341.00     6496364.27     -159163.01           0.00         713.76        -472.88           0.00
         342.00     6497079.20     -159635.92           0.00         716.10        -472.94           0.00
         343.00     6497796.46     -160108.88           0.00         718.43        -472.99           0.00
         344.00     6498516.06     -160581.91           0.00         720.77        -473.05           0.00
         345.00     6499238.00     -161054.98           0.00         723.11        -473.11           0.00
         346.00     6499962.27     -161528.12           0.00         725.45        -473.17           0.00
         347.00     6500688.89     -162001.32           0.00         727.79        -473.22           0.00
         348.00     6501417.86     -162474.57           0.00         730.14        -473.28           0.00
         349.00     6502149.17     -162947.88           0.00         732.49        -473.34           0.00
         350.00     6502882.83     -163421.25           0.00         734.84        -473.40           0.00
         351.00     6503618.85     -163894.68           0.00         737.19        -473.46           0.00
         352.00     6504357.21     -164368.17           0.00         739.54        -473.52           0.00
         353.00     6505097.94     -164841.72           0.00         741.90        -473.58           0.00
         354.00     6505841.02     -165315.33           0.00         744.26        -473.64           0.00
         355.00     6506586.46     -165789.00           0.00         746.62        -473.70           0.00
         356.00     6507334.26     -166262.73           0.00         748.98        -473.76           0.00
         357.00     6508084.42     -166736.52           0.00         751.35        -473.82           0.00
         358.00     6508836.96     -167210.37           0.00         753.72        -473.88           0.00
         359.00     6509591.86     -167684.28           0.00         756.09        -473.94           0.00
         360.00     6510349.13     -168158.25           0.00         758.46        -474.00           0.00
         361.00     6511108.77     -168632.29           0.00         760.83        -474.06           0.00
         362.00     6511870.80     -169106.38           0.00         763.21        -474.13           0.00
         363.00     6512635.19     -169580.54           0.00         765.59        -474.19           0.00
         364.00     6513401.97     -170054.76           0.00         767.97        -474.25           0.00
         365.00     6514171.13     -170529.04           0.00         770.35        -474.31           0.00
         366.00     6514942.68     -171003.38           0.00         772.74        -474.37           0.00
         367.00     6515716.61     -171477.79           0.00         775.12        -474.44           0.00
         368.00     6516492.93     -171952.26           0.00         777.51        -474.50           0.00
         369.00     6517271.64     -172426.79           0.00         779.91        -474.56           0.00
         370.00     6518052.74     -172901.38           0.00         782.30        -474.63           0.00
         371.00     6518836.24     -173376.04           0.00         784.70        -474.69           0.00
         372.00     6519622.14     -173850.76           0.00         787.10        -474.75           0.00
         373.00     6520410.44     -174325.55           0.00         789.50        -474.82           0.00
         374.00     6521201.14     -174800.40           0.00         791.90        -474.88           0.00
         375.00     6521994.24     -175275.32           0.00         794.31        -474.95           0.00
         376.00     6522789.75     -175750.30           0.00         796.72        -475.01           0.00
         377.00     6523587.67     -176225.34           0.00         799.13        -475.08           0.00
         378.00     6524388.01     -176700.45           0.00         801.54        -475.14           0.00
         379.00     6525190.75     -177175.63           0.00         803.96        -475.21           0.00
         380.00     6525995.92     -177650.87           0.00         806.37        -475.27           0.00
         381.00     6526803.50     -178126.17           0.00         808.79        -475.34           0.00
         382.00     6527613.50     -178601.55           0.00         811.21        -475.41           0.00
         383.00     6528425.93     -179076.98           0.00         813.64        -475.47           0.00
         384.00     6529240.78     -179552.49           0.00         816.07        -475.54           0.00
         385.00     6530058.06     -180028.06           0.00         818.50        -475.61           0.00
         386.00     6530877.78     -180503.70           0.00         820.93        -475.67           0.00
         387.00     6531699.92     -180979.41           0.00         823.36        -475.74           0.00
         388.00     6532524.50     -181455.18           0.00         825.80        -475.81           0.00
         389.00     6533351.52     -181931.02           0.00         828.24        -475.88           0.00
         390.00     6534180.97     -182406.93           0.00         830.68        -475.94           0.00
         391.00     6535012.87     -182882.91           0.00         833.12        -476.01           0.00
         392.00     6535847.22     -183358.96           0.00         835.57        -476.08           0.00
         393.00     6536684.01     -183835.07           0.00         838.02        -476.15           0.00
         394.00     6537523.25     -184311.26           0.00         840.47        -476.22           0.00
         395.00     6538364.94     -184787.51           0.00         842.92        -476.29           0.00
         396.00     6539209.09     -185263.83           0.00         845.38        -476.36           0.00
         397.00     6540055.70     -185740.23           0.00         847.83        -476.43           0.00
         398.00     6540904.76     -186216.69           0.00         850.29        -476.50           0.00
         399.00     6541756.29     -186693.22           0.00         852.76        -476.57           0.00
         400.00     6542610.28     -187169.82           0.00         855.22        -476.64           0.00
         401.00     6543466.73     -187646.49           0.00         857.69        -476.71           0.00
         402.00     6544325.66     -188123.24           0.00         860.16        -476.78           0.00
         403.00     6545187.06     -188600.05           0.00         862.63        -476.85           0.00
         404.00     6546050.93     -189076.94           0.00         865.11        -476.92           0.00
         405.00     6546917.28     -189553.90           0.00         867.59        -476.99           0.00
         406.00     6547786.11     -190030.93           0.00         870.07        -477.07           0.00
         407.00     6548657.42     -190508.03           0.00         872.55        -477.14           0.00
         408.00     6549531.21     -190985.20           0.00         875.04        -477.21           0.00
         409.00     6550407.49     -191462.45           0.00         877.52        -477.28           0.00
         410.00     6551286.26     -191939.77           0.00         880.02        -477.36           0.00
         411.00     6552167.52     -192417.16           0.00         882.51        -477.43           0.00
         412.00     6553051.28     -192894.62           0.00         885.00        -477.50           0.00
         413.00     6553937.53     -193372.16           0.00         887.50        -477.58           0.00
         414.00     6554826.28     -193849.77           0.00         890.00        -477.65           0.00
         415.00     6555717.54     -194327.46           0.00         892.51        -477.72           0.00
         416.00     6556611.29     -194805.22           0.00         895.01        -477.80           0.00
         417.00     6557507.56     -195283.06           0.00         897.52        -477.87           0.00
         418.00     6558406.33     -195760.97           0.00         900.03        -477.95           0.00
         419.00     6559307.62     -196238.95           0.00         902.54        -478.02           0.00
         420.00     6560211.42     -196717.01           0.00         905.06        -478.10           0.00
         421.00     6561117.74     -197195.15           0.00         907.58        -478.17           0.00
         422.00     6562026.58     -197673.36           0.00         910.10        -478.25           0.00
         423.00     6562937.94     -198151.64           0.00         912.62        -478.33           0.00
         424.00     6563851.82     -198630.01           0.00         915.15        -478.40           0.00
         425.00     6564768.24     -199108.45           0.00         917.68        -478.48           0.00
         426.00     6565687.18     -199586.97           0.00         920.21        -478.56           0.00
         427.00     6566608.66     -200065.56           0.00         922.74        -478.63           0.00
         428.00     6567532.67     -200544.23           0.00         925.28        -478.71           0.00
         429.00     6568459.22     -201022.98           0.00         927.82        -478.79           0.00
         430.00     6569388.31     -201501.80           0.00         930.36        -478.87           0.00
         431.00     6570319.94     -201980.71           0.00         932.91        -478.94           0.00
         432.00     6571254.12     -202459.69           0.00         935.45        -479.02           0.00
         433.00     6572190.85     -202938.75           0.00         938.00        -479.10           0.00
         434.00     6573130.13     -203417.89           0.00         940.56        -479.18           0.00
         435.00     6574071.97     -203897.11           0.00         943.11        -479.26           0.00
         436.00     6575016.36     -204376.41           0.00         945.67        -479.34           0.00
         437.00     6575963.31     -204855.79           0.00         948.23        -479.42           0.00
         438.00     6576912.82     -205335.24           0.00         950.79        -479.50           0.00
         439.00     6577864.90     -205814.78           0.00         953.36        -479.58           0.00
         440.00     6578819.54     -206294.40           0.00         955.93        -479.66           0.00
         441.00     6579776.76     -206774.10           0.00         958.50        -479.74           0.00
         442.00     6580736.55     -207253.88           0.00         961.08        -479.82           0.00
         443.00     6581698.91     -207733.74           0.00         963.65        -479.90           0.00
         444.00     6582663.85     -208213.68           0.00         966.23        -479.98           0.00
         445.00     6583631.38     -208693.70           0.00         968.81        -480.06           0.00
         446.00     6584601.48     -209173.81           0.00         971.40        -480.15           0.00
         447.00     6585574.17     -209654.00           0.00         973.99        -480.23           0.00
         448.00     6586549.46     -210134.27           0.00         976.58        -480.31           0.00
         449.00     6587527.33     -210614.62           0.00         979.17        -480.39           0.00
         450.00     6588507.80     -211095.06           0.00         981.77        -480.48           0.00
         451.00     6589490.87     -211575.57           0.00         984.37        -480.56           0.00
         452.00     6590476.53     -212056.18           0.00         986.97        -480.64           0.00
         453.00     6591464.80     -212536.86           0.00         989.57        -480.73           0.00
         454.00     6592455.68     -213017.63           0.00         992.18        -480.81           0.00
         455.00     6593449.16     -213498.49           0.00         994.79        -480.90           0.00
         456.00     6594445.26     -213979.43           0.00         997.40        -480.98           0.00
         457.00     6595443.97     -214460.45           0.00        1000.02        -481.07           0.00
         458.00     6596445.30     -214941.56           0.00        1002.64        -481.15           0.00
         459.00     6597449.24     -215422.75           0.00        1005.26        -481.24           0.00
         460.00     6598455.81     -215904.03           0.00        1007.88        -481.32           0.00
         461.00     6599465.01     -216385.40           0.00        1010.51        -481.41           0.00
         462.00     6600476.83     -216866.85           0.00        1013.14        -481.50           0.00
         463.00     6601491.29     -217348.39           0.00        1015.77        -481.58           0.00
         464.00     6602508.38     -217830.01           0.00        1018.41        -481.67           0.00
         465.00     6603528.10     -218311.73           0.00        1021.04        -481.76           0.00
         466.00     6604550.47     -218793.53           0.00        1023.69        -481.84           0.00
         467.00     6605575.47     -219275.41           0.00        1026.33        -481.93           0.00
         468.00     6606603.13     -219757.39           0.00        1028.98        -482.02           0.00
         469.00     6607633.43     -220239.45           0.00        1031.63        -482.11           0.00
         470.00     6608666.38     -220721.60           0.00        1034.28        -482.20           0.00
         471.00     6609701.99     -221203.84           0.00        1036.93        -482.28           0.00
         472.00     6610740.25     -221686.17           0.00        1039.59        -482.37           0.00
         473.00     6611781.18     -222168.59           0.00        1042.25        -482.46           0.00
         474.00     6612824.76     -222651.10           0.00        1044.92        -482.55           0.00
         475.00     6613871.01     -223133.69           0.00        1047.59        -482.64           0.00
         476.00     6614919.93     -223616.38           0.00        1050.26        -482.73           0.00
         477.00     6615971.53     -224099.16           0.00        1052.93        -482.82           0.00
         478.00     6617025.79     -224582.03           0.00        1055.60        -482.91           0.00
         479.00     6618082.74     -225064.99           0.00        1058.28        -483.00           0.00
         480.00     6619142.36     -225548.04           0.00        1060.97        -483.10           0.00
         481.00     6620204.67     -226031.18           0.00        1063.65        -483.19           0.00
         482.00     6621269.66     -226514.41           0.00        1066.34        -483.28           0.00
         483.00     6622337.35     -226997.74           0.00        1069.03        -483.37           0.00
         484.00     6623407.72     -227481.15           0.00        1071.72        -483.46           0.00
         485.00     6624480.79     -227964.66           0.00        1074.42        -483.56           0.00
         486.00     6625556.56     -228448.27           0.00        1077.12        -483.65           0.00
         487.00     6626635.03     -228931.96           0.00        1079.82        -483.74           0.00
         488.00     6627716.20     -229415.75           0.00        1082.53        -483.84           0.00
         489.00     6628800.08     -229899.64           0.00        1085.23        -483.93           0.00
         490.00     6629886.67     -230383.61           0.00        1087.95        -484.02           0.00
         491.00     6630975.97     -230867.69           0.00        1090.66        -484.12           0.00
         492.00     6632067.99     -231351.85           0.00        1093.38        -484.21           0.00
         493.00     6633162.73     -231836.11           0.00        1096.10        -484.31           0.00
         494.00     6634260.19     -232320.47           0.00        1098.82        -484.40           0.00
         495.00     6635360.38     -232804.92           0.00        1101.55        -484.50           0.00
         496.00     6636463.29     -233289.47           0.00        1104.28        -484.60           0.00
         497.00     6637568.93     -233774.11           0.00        1107.01        -484.69           0.00
         498.00     6638677.31     -234258.85           0.00        1109.75        -484.79           0.00
         499.00     6639788.43     -234743.69           0.00        1112.49        -484.88           0.00
         500.00     6640902.28     -235228.62           0.00        1115.23        -484.98           0.00
         501.00     6642018.88     -235713.65           0.00        1117.97        -485.08           0.00
         502.00     6643138.23     -236198.78           0.00        1120.72        -485.18           0.00
         503.00     6644260.33     -236684.00           0.00        1123.47        -485.27           0.00
         504.00     6645385.17     -237169.33           0.00        1126.23        -485.37           0.00
         505.00     6646512.78     -237654.75           0.00        1128.98        -485.47           0.00
         506.00     6647643.14     -238140.27           0.00        1131.74        -485.57           0.00
         507.00     6648776.26     -238625.89           0.00        1134.51        -485.67           0.00
         508.00     6649912.15     -239111.61           0.00        1137.27        -485.77           0.00
         509.00     6651050.81     -239597.43           0.00        1140.04        -485.87           0.00
         510.00     6652192.24     -240083.34           0.00        1142.82        -485.97           0.00
         511.00     6653336.44     -240569.36           0.00        1145.59        -486.07           0.00
         512.00     6654483.42     -241055.48           0.00        1148.37        -486.17           0.00
         513.00     6655633.18     -241541.70           0.00        1151.15        -486.27           0.00
         514.00     6656785.73     -242028.02           0.00        1153.94        -486.37           0.00
         515.00     6657941.06     -242514.44           0.00        1156.73        -486.47           0.00
         516.00     6659099.18     -243000.96           0.00        1159.52        -486.57           0.00
         517.00     6660260.10     -243487.59           0.00        1162.31        -486.68           0.00
         518.00     6661423.81     -243974.32           0.00        1165.11        -486.78           0.00
         519.00     6662590.32     -244461.15           0.00        1167.91        -486.88           0.00
         520.00     6663759.63     -244948.08           0.00        1170.72        -486.98           0.00
         521.00     6664931.75     -245435.12           0.00        1173.52        -487.09           0.00
         522.00     6666106.68     -245922.25           0.00        1176.33        -487.19           0.00
         523.00     6667284.42     -246409.50           0.00        1179.15        -487.30           0.00
         524.00     6668464.98     -246896.85           0.00        1181.97        -487.40           0.00
         525.00     6669648.35     -247384.30           0.00        1184.79        -487.50           0.00
         526.00     6670834.55     -247871.85           0.00        1187.61        -487.61           0.00
         527.00     6672023.57     -248359.51           0.00        1190.44        -487.71           0.00
         528.00     6673215.42     -248847.28           0.00        1193.27        -487.82           0.00
         529.00     6674410.10     -249335.15           0.00        1196.10        -487.92           0.00
         530.00     6675607.62     -249823.13           0.00        1198.94        -488.03           0.00
         531.00     6676807.98     -250311.21           0.00        1201.77        -488.14           0.00
         532.00     6678011.17     -250799.41           0.00        1204.62        -488.24           0.00
         533.00     6679217.21     -251287.70           0.00        1207.46        -488.35           0.00
         534.00     6680426.10     -251776.11           0.00        1210.31        -488.46           0.00
         535.00     6681637.84     -252264.62           0.00        1213.17        -488.57           0.00
         536.00     6682852.43     -252753.24           0.00        1216.02        -488.67           0.00
         537.00     6684069.88     -253241.97           0.00        1218.88        -488.78           0.00
         538.00     6685290.20     -253730.80           0.00        1221.74        -488.89           0.00
         539.00     6686513.37     -254219.75           0.00        1224.61        -489.00           0.00
         540.00     6687739.42     -254708.80           0.00        1227.48        -489.11           0.00
         541.00     6688968.33     -255197.97           0.00        1230.35        -489.22           0.00
         542.00     6690200.12     -255687.24           0.00        1233.23        -489.33           0.00
         543.00     6691434.78     -256176.62           0.00        1236.11        -489.44           0.00
         544.00     6692672.33     -256666.12           0.00        1238.99        -489.55           0.00
         545.00     6693912.76     -257155.72           0.00        1241.87        -489.66           0.00
         546.00     6695156.08     -257645.43           0.00        1244.76        -489.77           0.00
         547.00     6696402.29     -258135.26           0.00        1247.65        -489.88           0.00
         548.00     6697651.39     -258625.20           0.00        1250.55        -489.99           0.00
         549.00     6698903.39     -259115.25           0.00        1253.45        -490.11           0.00
         550.00     6700158.29     -259605.41           0.00        1256.35        -490.22           0.00
         551.00     6701416.09     -260095.68           0.00        1259.26        -490.33           0.00
         552.00     6702676.81     -260586.07           0.00        1262.17        -490.44           0.00
         553.00     6703940.43     -261076.57           0.00        1265.08        -490.56           0.00
         554.00     6705206.97     -261567.18           0.00        1268.00        -490.67           0.00
         555.00     6706476.42     -262057.91           0.00        1270.91        -490.78           0.00
         556.00     6707748.80     -262548.75           0.00        1273.84        -490.90           0.00
         557.00     6709024.09     -263039.71           0.00        1276.76        -491.01           0.00
         558.00     6710302.32     -263530.78           0.00        1279.69        -491.13           0.00
         559.00     6711583.48     -264021.97           0.00        1282.63        -491.24           0.00
         560.00     6712867.57     -264513.27           0.00        1285.56        -491.36           0.00
         561.00     6714154.60     -265004.69           0.00        1288.50        -491.48           0.00
         562.00     6715444.58     -265496.22           0.00        1291.44        -491.59           0.00
         563.00     6716737.49     -265987.87           0.00        1294.39        -491.71           0.00
         564.00     6718033.36     -266479.64           0.00        1297.34        -491.82           0.00
         565.00     6719332.18     -266971.52           0.00        1300.29        -491.94           0.00
         566.00     6720633.95     -267463.52           0.00        1303.25        -492.06           0.00
         567.00     6721938.68     -267955.64           0.00        1306.21        -492.18           0.00
         568.00     6723246.37     -268447.88           0.00        1309.17        -492.30           0.00
         569.00     6724557.03     -268940.23           0.00        1312.14        -492.41           0.00
         570.00     6725870.66     -269432.70           0.00        1315.11        -492.53           0.00
         571.00     6727187.26     -269925.30           0.00        1318.09        -492.65           0.00
         572.00     6728506.83     -270418.01           0.00        1321.06        -492.77           0.00
         573.00     6729829.39     -270910.84           0.00        1324.05        -492.89           0.00
         574.00     6731154.93     -271403.79           0.00        1327.03        -493.01           0.00
         575.00     6732483.45     -271896.87           0.00        1330.02        -493.13           0.00
         576.00     6733814.96     -272390.06           0.00        1333.01        -493.25           0.00
         577.00     6735149.47     -272883.37           0.00        1336.01        -493.38           0.00
         578.00     6736486.98     -273376.81           0.00        1339.00        -493.50           0.00
         579.00     6737827.48     -273870.37           0.00        1342.01        -493.62           0.00
         580.00     6739170.99     -274364.05           0.00        1345.01        -493.74           0.00
         581.00     6740517.50     -274857.85           0.00        1348.02        -493.86           0.00
         582.00     6741867.03     -275351.78           0.00        1351.03        -493.99           0.00
         583.00     6743219.57     -275845.82           0.00        1354.05        -494.11           0.00
         584.00     6744575.13     -276340.00           0.00        1357.07        -494.23           0.00
         585.00     6745933.71     -276834.29           0.00        1360.09        -494.36           0.00
         586.00     6747295.32     -277328.71           0.00        1363.12        -494.48           0.00
         587.00     6748659.96     -277823.25           0.00        1366.15        -494.61           0.00
         588.00     6750027.62     -278317.92           0.00        1369.18        -494.73           0.00
         589.00     6751398.33     -278812.72           0.00        1372.22        -494.86           0.00
         590.00     6752772.07     -279307.64           0.00        1375.26        -494.98           0.00
         591.00     6754148.86     -279802.68           0.00        1378.31        -495.11           0.00
         592.00     6755528.69     -280297.85           0.00        1381.36        -495.23           0.00
         593.00     6756911.57     -280793.15           0.00        1384.41        -495.36           0.00
         594.00     6758297.51     -281288.58           0.00        1387.47        -495.49           0.00
         595.00     6759686.50     -281784.13           0.00        1390.52        -495.62           0.00
         596.00     6761078.56     -282279.81           0.00        1393.59        -495.74           0.00
         597.00     6762473.68     -282775.62           0.00        1396.65        -495.87           0.00
         598.00     6763871.87     -283271.55           0.00        1399.72        -496.00           0.00
         599.00     6765273.13     -283767.62           0.00        1402.80        -496.13           0.00
         600.00     6766677.46     -284263.81           0.00        1405.88        -496.26           0.00
         601.00     6768084.88     -284760.14           0.00        1408.96        -496.39           0.00
         602.00     6769495.38     -285256.59           0.00        1412.04        -496.52           0.00
         603.00     6770908.96     -285753.17           0.00        1415.13        -496.65           0.00
         604.00     6772325.64     -286249.88           0.00        1418.22        -496.78           0.00
         605.00     6773745.41     -286746.73           0.00        1421.32        -496.91           0.00
         606.00     6775168.27     -287243.70           0.00        1424.42        -497.04           0.00
         607.00     6776594.24     -287740.81           0.00        1427.52        -497.17           0.00
         608.00     6778023.31     -288238.05           0.00        1430.63        -497.30           0.00
         609.00     6779455.50     -288735.42           0.00        1433.74        -497.44           0.00
         610.00     6780890.79     -289232.92           0.00        1436.85        -497.57           0.00
         611.00     6782329.20     -289730.56           0.00        1439.97        -497.70           0.00
         612.00     6783770.73     -290228.33           0.00        1443.09        -497.84           0.00
         613.00     6785215.38     -290726.23           0.00        1446.22        -497.97           0.00
         614.00     6786663.16     -291224.27           0.00        1449.34        -498.10           0.00
         615.00     6788114.07     -291722.44           0.00        1452.48        -498.24           0.00
         616.00     6789568.12     -292220.75           0.00        1455.61        -498.37           0.00
         617.00     6791025.30     -292719.19           0.00        1458.75        -498.51           0.00
         618.00     6792485.63     -293217.77           0.00        1461.90        -498.64           0.00
         619.00     6793949.10     -293716.48           0.00        1465.05        -498.78           0.00
         620.00     6795415.72     -294215.33           0.00        1468.20        -498.92           0.00
         621.00     6796885.49     -294714.31           0.00        1471.35        -499.05           0.00
         622.00     6798358.42     -295213.43           0.00        1474.51        -499.19           0.00
         623.00     6799834.52     -295712.69           0.00        1477.67        -499.33           0.00
         624.00     6801313.77     -296212.09           0.00        1480.84        -499.47           0.00
         625.00     6802796.20     -296711.63           0.00        1484.01        -499.60           0.00
         626.00     6804281.80     -297211.30           0.00        1487.18        -499.74           0.00
         627.00     6805770.57     -297711.11           0.00        1490.36        -499.88           0.00
         628.00     6807262.52     -298211.06           0.00        1493.54        -500.02           0.00
         629.00     6808757.66     -298711.15           0.00        1496.73        -500.16           0.00
         630.00     6810255.98     -299211.38           0.00        1499.92        -500.30           0.00
         631.00     6811757.50     -299711.75           0.00        1503.11        -500.44           0.00
         632.00     6813262.21     -300212.27           0.00        1506.31        -500.58           0.00
         633.00     6814770.12     -300712.92           0.00        1509.51        -500.72           0.00
         634.00     6816281.23     -301213.71           0.00        1512.71        -500.86           0.00
         635.00     6817795.55     -301714.65           0.00        1515.92        -501.01           0.00
         636.00     6819313.08     -302215.72           0.00        1519.13        -501.15           0.00
         637.00     6820833.82     -302716.94           0.00        1522.35        -501.29           0.00
         638.00     6822357.78     -303218.31           0.00        1525.57        -501.43           0.00
         639.00     6823884.96     -303719.81           0.00        1528.79        -501.58           0.00
         640.00     6825415.37     -304221.46           0.00        1532.02        -501.72           0.00
         641.00     6826949.01     -304723.25           0.00        1535.25        -501.87           0.00
         642.00     6828485.88     -305225.19           0.00        1538.49        -502.01           0.00
         643.00     6830025.99     -305727.27           0.00        1541.73        -502.15           0.00
         644.00     6831569.34     -306229.50           0.00        1544.97        -502.30           0.00
         645.00     6833115.93     -306731.88           0.00        1548.22        -502.45           0.00
         646.00     6834665.78     -307234.39           0.00        1551.47        -502.59           0.00
         647.00     6836218.88     -307737.06           0.00        1554.72        -502.74           0.00
         648.00     6837775.23     -308239.87           0.00        1557.98        -502.88           0.00
         649.00     6839334.84     -308742.83           0.00        1561.25        -503.03           0.00
         650.00     6840897.72     -309245.93           0.00        1564.51        -503.18           0.00
         651.00     6842463.87     -309749.19           0.00        1567.78        -503.33           0.00
         652.00     6844033.29     -310252.59           0.00        1571.06        -503.48           0.00
         653.00     6845605.99     -310756.14           0.00        1574.34        -503.62           0.00
         654.00     6847181.96     -311259.84           0.00        1577.62        -503.77           0.00
         655.00     6848761.22     -311763.69           0.00        1580.90        -503.92           0.00
         656.00     6850343.77     -312267.69           0.00        1584.19        -504.07           0.00
         657.00     6851929.61     -312771.83           0.00        1587.49        -504.22           0.00
         658.00     6853518.75     -313276.13           0.00        1590.79        -504.37           0.00
         659.00     6855111.19     -313780.58           0.00        1594.09        -504.53           0.00
         660.00     6856706.93     -314285.18           0.00        1597.40        -504.68           0.00
         661.00     6858305.98     -314789.94           0.00        1600.71        -504.83           0.00
         662.00     6859908.34     -315294.84           0.00        1604.02        -504.98           0.00
         663.00     6861514.02     -315799.90           0.00        1607.34        -505.13           0.00
         664.00     6863123.02     -316305.11           0.00        1610.66        -505.29           0.00
         665.00     6864735.34     -316810.47           0.00        1613.99        -505.44           0.00
         666.00     6866350.99     -317315.99           0.00        1617.32        -505.59           0.00
         667.00     6867969.97     -317821.66           0.00        1620.65        -505.75           0.00
         668.00     6869592.29     -318327.48           0.00        1623.99        -505.90           0.00
         669.00     6871217.95     -318833.46           0.00        1627.33        -506.06           0.00
         670.00     6872846.95     -319339.60           0.00        1630.68        -506.21           0.00
         671.00     6874479.30     -319845.89           0.00        1634.03        -506.37           0.00
         672.00     6876115.00     -320352.33           0.00        1637.38        -506.52           0.00
         673.00     6877754.06     -320858.94           0.00        1640.74        -506.68           0.00
         674.00     6879396.48     -321365.70           0.00        1644.10        -506.84           0.00
         675.00     6881042.26     -321872.61           0.00        1647.47        -507.00           0.00
         676.00     6882691.41     -322379.69           0.00        1650.84        -507.15           0.00
         677.00     6884343.94     -322886.92           0.00        1654.21        -507.31           0.00
         678.00     6885999.84     -323394.31           0.00        1657.59        -507.47           0.00
         679.00     6887659.12     -323901.86           0.00        1660.97        -507.63           0.00
         680.00     6889321.78     -324409.57           0.00        1664.36        -507.79           0.00
         681.00     6890987.83     -324917.43           0.00        1667.75        -507.95           0.00
         682.00     6892657.28     -325425.46           0.00        1671.14        -508.11           0.00
         683.00     6894330.12     -325933.65           0.00        1674.54        -508.27           0.00
         684.00     6896006.37     -326442.00           0.00        1677.95        -508.43           0.00
         685.00     6897686.02     -326950.51           0.00        1681.35        -508.59           0.00
         686.00     6899369.07     -327459.18           0.00        1684.76        -508.75           0.00
         687.00     6901055.55     -327968.02           0.00        1688.18        -508.91           0.00
         688.00     6902745.43     -328477.01           0.00        1691.60        -509.08           0.00
         689.00     6904438.75     -328986.17           0.00        1695.02        -509.24           0.00
         690.00     6906135.48     -329495.49           0.00        1698.45        -509.40           0.00
         691.00     6907835.65     -330004.98           0.00        1701.88        -509.57           0.00
         692.00     6909539.25     -330514.63           0.00        1705.32        -509.73           0.00
         693.00     6911246.28     -331024.44           0.00        1708.76        -509.90           0.00
         694.00     6912956.76     -331534.42           0.00        1712.20        -510.06           0.00
         695.00     6914670.69     -332044.57           0.00        1715.65        -510.23           0.00
         696.00     6916388.07     -332554.88           0.00        1719.10        -510.39           0.00
         697.00     6918108.90     -333065.35           0.00        1722.56        -510.56           0.00
         698.00     6919833.19     -333576.00           0.00        1726.02        -510.73           0.00
         699.00     6921560.94     -334086.81           0.00        1729.49        -510.89           0.00
         700.00     6923292.16     -334597.78           0.00        1732.96        -511.06           0.00
         701.00     6925026.85     -335108.93           0.00        1736.43        -511.23           0.00
         702.00     6926765.02     -335620.24           0.00        1739.91        -511.40           0.00
         703.00     6928506.67     -336131.72           0.00        1743.39        -511.57           0.00
         704.00     6930251.80     -336643.37           0.00        1746.87        -511.74           0.00
         705.00     6932000.42     -337155.19           0.00        1750.36        -511.91           0.00
         706.00     6933752.53     -337667.18           0.00        1753.86        -512.08           0.00
         707.00     6935508.14     -338179.35           0.00        1757.36        -512.25           0.00
         708.00     6937267.24     -338691.68           0.00        1760.86        -512.42           0.00
         709.00     6939029.86     -339204.18           0.00        1764.37        -512.59           0.00
         710.00     6940795.98     -339716.85           0.00        1767.88        -512.76           0.00
         711.00     6942565.62     -340229.70           0.00        1771.39        -512.93           0.00
         712.00     6944338.77     -340742.72           0.00        1774.91        -513.10           0.00
         713.00     6946115.45     -341255.91           0.00        1778.44        -513.28           0.00
         714.00     6947895.65     -341769.27           0.00        1781.97        -513.45           0.00
         715.00     6949679.38     -342282.81           0.00        1785.50        -513.62           0.00
         716.00     6951466.65     -342796.52           0.00        1789.04        -513.80           0.00
         717.00     6953257.46     -343310.41           0.00        1792.58        -513.97           0.00
         718.00     6955051.81     -343824.47           0.00        1796.12        -514.15           0.00
         719.00     6956849.71     -344338.71           0.00        1799.67        -514.32           0.00
         720.00     6958651.16     -344853.12           0.00        1803.23        -514.50           0.00
